2
0001001100000000000
0001000000000000000
0002212200000000000
0001000000000000000
0001000000000000000
0000000000000000000
0000000000000000000
0000002000000000000
0000021000000000000
0000200100000000000
0002000010000000000
0020000001000000000
0000000000000000000
0000000000000000000
0000000000000000000
0000000000000000000
0000000000000000000
0000000000000000000
0000000000000000000
0001111100000000000
0001000000000000000
0002212200000000000
0001000000000000000
0001000000000000000
0000000000000000000
0000000000000000000
0000002000000000000
0000021000000000000
0000200100000000000
0002000010000000000
0020000001000000000
0000000000000000000
0000000000000000000
0000000000000000000
0000000000000000000
0000000000000000000
0000000000000000000
0000000000000000000